$ANSIBLE_VAULT;1.1;AES256
34336366353062393038323862666163313730616562643434663861393530313864643539623630
3138343436646137383035323133653039346461323734390a633236613265386661653265643238
31323437343964646133626539633338306164643062323837636265383239336330663235663437
3338643935376630610a386134333532373064333461346336303733393363373330663230663965
39646334323231633764323063353239383836326537646136313066353433346330643830353061
39353365626262643831376262626235346330326331643962303638373032353161386338626266
36383963326439386565363862393534343963333634616234616430343362346634623863313031
63353937653830326138656130653232633730333530333632343430646230653361343536316532
31366337396138626663626662613830383832656235353631376665353466666437393634623233
64366639326330376462633934653065383666623439666239646639356631356630663831346461
30346339643162333661303235656438366630633366383533316331333930346261613230386266
32663039396230616336326331653664356663623432636261316230363365393762636131616632
37613030613033316661663833613535303536646338316133386333613963626663616166373435
34393833626630633130353436623031656435656331653038323863396130333734333863383739
30356531623435303464336362353732303066393837376238663365653530636230623165653863
31616530303538356631306333323535653435373438363138336237383431663936613537383637
64333330663039626264646231333633306262303336313930613062626235366238323566396637
64613632633536366638346438316633373561393663393761623931383935613065633964653634
65343233326636656466383932373866336464313833313664316231353463393263393961613233
66616439626562313763306231626564373831656265663230663235626161316663386531316263
64383534643163656336333438373830383438353331303863323264363263353862623435643865
62336466663731643433636164663036316464353231343661373662353064653262336431613164
61313965353364663537393964663564343631663862313437356438633839653764323236333231
63633163393433336538616539613831363761633939316239656532326161303661323335343164
36306237626338343038653538623633323132363061373835396538376638316536656532393662
66313261336163366437626131373661616131623664646637316162653563336530306635633738
38623731336464356165333036353339643237353962373561663435333862623138653839363931
39303466646230326163336563653862616530316333356466346236323230653934633765356133
62386132353635633362636462353130353937653738616538376666346435653662633961343339
63613061653264633831643034313133646530623461623338373037363236613533353964613637
64666664373735363463383336316161386631386638346137643735666638613236636335333038
32323333376431396261333661386233663862336664326138393838613266323238303839316134
32643736326339316335343763376635643464383238646336333863623063383437323432346134
31366337613462653364313430616533386630353930343936346137653466643334303531393234
64363361383631306534383663323564333839353863333161313834633635373761663261333761
36383661626432663363333338333465383831336632313831313037653163356562376330326238
64343265663733636234623264636633303832663930326364343838303965356135383161376238
37336362366165373533396135633965323562383566663731363835396162366364623961643237
64616266383234313737303065353962383432333830303130343236313935326631306135303136
30663237333333316638326333393535376239316433366162313437363166666262316434383865
39373065613933343563626564353639306262336431363864383265323136333934353865316235
62623336653738646561383439336334663139353836306632643063353862313037663632363339
39646535393439373335643532613136386134356664303032373666316466386631353630316134
31303762633463383133623066373261303230303834343134363163343533313465643661663137
39326237643161303561396633373733663636653932396636306236316561653831303563343163
39383036363434313663653662383166346431633238333133653966393264306363656239303134
39336532366663643132323133643164346665663736303238396366663931313135643135383136
35393131643565313739656536333037366636356333663837653030393765343630653935343465
39303034646530633061393931343033313533613333396662343539366363306563316135373030
64386438363536376434626564643339323463613432373435356635376636326435626137366339
62623630346231373861306534373164316264613364336338616133363932346666383631383664
37373338656339653233633165333966396131373630373763353230383166343831626165386239
30643261643036636162613032396637393062656366636663353838636361633538386630353464
37383035613762386466393361363230653830333932326231313462346166316238323535353163
32643166613736303633633162616537303465653734313134666539326665396264323436626165
32633961396637643132626566363761643566663966393338376436623237336532653935633937
39653032666236346634653161313066316464626531366565633265383331306331393266623736
35343030656132323030343764383731373735636164396264626239623830303062636234376664
35646539633365306232663162323061366637356262623334393332656638643266303633633633
65323532363938373463376166613264623231636434623163373834396463643266626632656662
31363932626433656631346531386532333833666237393063343165353661303264656130663330
61636631326238626261663530313861626434623861613561663039316237656634653264383135
66346665353335306461383333633130663862643035323834313039343633623735666135326337
32373932643939393539306361326435613937666564336338306466323366303637366135646337
63303065643666613061356233616166666363643734663234633035633135663964326561353139
66636566306465336331323262626161626635343733623262643837386336316562653833383736
38313862366164353539643637313533386238323637353062306439323661306537346564653165
35366133383563626539303361343664366162396532373261663863383130323965326561313739
31353635346462343732363337393231333965303834343335616262666532386232313335666330
36626261313239643332303235303133336337346261613832316661656666336439663830643838
63396533323132633437383331326631346433623737316464383463363865383734383766303332
61633130343664633865656236656661663063343633613439363964656330663961383938303430
64346633343736373438373930366335653265636236346632626535613935323764613561386230
63336136636639326636366531376539646162646535613838393264373666376138383432346436
63656138333537386366636561643865373363623666313835373562383537336463643539396431
39363161626337613161343434353661633637616437393663666164376237306461623834313936
37316165316439386338626664666363653434326263663061323531353432613264663735336234
36626539366636653233633464343133326565383237363438643366653332373466326432393334
65613431376633396138666630653432393033333363363936616331333838366237356430303833
35663835376632666466363330366639323038616234383439613264306635383536393233303138
38343765666666396163656364633365343531653666633431623032356264373462656238663061
34343266623334643061386635393461313330383430326265363830656439653038386231653435
65626662323561383335393732323234373430313237346434303330316561333034353963386636
30636531666130666338316339633965336563393264373833313762336537386139336239653764
34376139376231333133393564663536336130366331636535336134373761313331326638656536
37646434666434353935653531333032306366666538353863353331396639356630636261303765
39633132313231393636356533653739326462323131343361333965663464633835666637663361
31393131373534373537636139616538353837663032393030656564626538366638393634656637
34626236373834383434393338326131633531366265383761306333393538383130313734666561
34363061643238383030383430653638383238303063366330626365613233376330326131633136
38303330633937323663343134376333313435386162316638663765303633653936313539313030
33643334353234346432346430653538313831613965363932363834393832303638393937656239
36643536383766383264613362396362646462383035373837393839336339396339353062313639
36613535343165333433666131303132386230316537636237333961366461363161313639343232
65313834663563336465303639366232393362633265616636326433643434343562366465333162
64613061613233323636353539643238323531393931326235626463383935336430373564396538
35633535626436373536303262336563363466386436313830623335623032326132663364333535
38396431356234623231663036336332313866326539306638376165333665663536303662363732
63316531383237373563663631626531336336666234633762336662323463306536306530303730
38306338383637303064633439393863356338343766666465663063623433636139343636306534
63643738316562663665396539343865633536396536643764326562323162343461613737636337
64356335363635366365373638666531373539376263633763636139613532626438313836343664
33656266636636656539373262383038303739646437633332376631323338633137656163366565
63663864376232346565613734393433623066666336356561616165373738663835626362376563
30623264373564343236353939376666366432333964343162646231643438346364353565326139
36663261656165346161366633323038653230316430393939396538396434666465373765393762
61646636653731346231653634653034653064656335643635363661616564376532323032656334
36323363313165303366623136666239633037633265313265313264363066653738626437326433
65386233326235383431623239646562353630613635623936363838663762353033353338666561
64386438653365353036333235633366633039353664666233353966636135383130303836313435
66653730613034313938393836383563313662333234626233303130303937616137623132363065
33396463346438326463306563393039643161386537656231323833663339663935396336353662
37353338383964346434366234313165323035363337333432653536323434633030663837396363
65383165626439653537643638353366353466373433663734633562393766396239343037383130
37653236646364316630643666393637383831616237366261343334313034613063663865613730
66303436356638353665663334313931346361356338303363613061633332343663323464303435
65393163333033396534626238623537653636306138313034636630353566376637303961383965
61313063353164396166393364333737643236336536323831633136343862613330333530653831
30343837643865323138643231376365326230326233383661333666646237383965323733623261
62636332353137306533343034616563333462613964346336323338633564313964396263626333
65646537616561623739306431613938613236393330633532386265353132386162626365323137
66343833346566303733333763663733326465336630303461653463616236323139333332366365
66656565663331343565363535626364393064636163663132353463346132316330623031643661
63323866303434636233646533353935393738353465663366396133363637306261353661613866
38656233623564636138313232656363623465306530343938353564383464336163366438356639
65373336336536306435323862313030313562643236633230336636363535303232643533333061
32343233303238663133663061653533616165393836383163376139366432376332633762363533
31323335643662643330626233343230343836363533396263653766363535313837383563343231
35336466366561363863376437626665623935313532626434636263306263316264393861653838
38323734333639313635306562616230376534333362613634393030396332303965303365393534
34306166653366373830383065323639383961636635323033653531633261613639623135656433
61353334613737373634666235383836663763396139346332343235313862633937343736653335
34633762646137633461383537666232613639373732323838643462666664656434363737626163
35303334643165653266636432626665666365656436303864303531373032383864386132636133
36393462623365393361666332333562326462303936396533386235333565646365373662393838
32333033363830653539633362373035326632323334623063643030363138353736656631363964
65336664336636393964313765316261393335663963636632326438333561623130356630373239
37303131313133393831643732373637303164323936646663316434356530306236356661313937
30383635636630363337626337666139373166326432323337303663663138653139356266366362
66393531386662373232313736366463643964313439663035383231326339353565386161363736
34373937353661353538666333656166333632353139303337393937316130343336353633343537
35653264313063623365633439613833303131356138346637346539383039343635393065376638
65356536666438633365363162336337313034633366383031666436343533623535313663353562
36623637303738393630623636323063666130313566333962373236313832633164663062343535
33666638316365656461653833313838393965653266356164336633333433666330646635393131
66323139313932636364366238616238653438376665643465626437633732626465393136613866
39306635303062313334623337303264633337653332393037656433653138636633386331616139
31376261333433346664643233666130346132626563633534356636313636306631363735656238
31623034313036323661663634363531363335333235303330663036356232396666636635663733
31653663396262646363323638623136613731373361383461643232613061316162666432343935
33633932643561653061653364346430643434663465376161613265393937616563336234316236
65646532626630313639653639326533336235626439373463646661643635656537386363346436
38393965363066363739353936666463306133376433313435636666623338623132326234373938
64333863363266653961343537356664633932616636353137336261316338653838313538623331
63613836376265353331363836373634386265356431303338613636643563303665333233633132
34303831366663326630333033366130653031376134353537656633613535333661666633353136
38353137643632633031353566316131373461393732666264313232383335333539336131303733
36306538333063356530323836656632613136643433356662666563373062653235613139316330
61323239316164666664633038373730323234326462623839313161663762306237346235663438
38323439653035616134396232313536326463626338323131623361376264613338363533366662
30623239336530383431656662383364376465616437383237626163653930666161643862346466
35373636396266336637653464613232616562336163346163386565616361356138383330383137
32383931326564623264636666326434393533616635333266646331623732323631656666383364
66343031393335363433626630303034663763343964333930633238333965326333653065366562
64643865363831333561303336653132356333373239653033353630363738643738363330626561
6161616439333237343037613864663032326465633437346664
